K = 1 3.278833517014696e+02
K = 0.4 2.443972783256010e+02
K = 0.3 2.399312808078317e+02
Td = 1.54 2.406291427472062e+02
Ti = 4.5 2.493230399927117e+02
